# Created by Octave 5.2.0, Thu Jun 13 14:30:36 2024 UTC <mbda@4635f54bd9fb>
# name: x
# type: matrix
# rows: 61
# columns: 142
 0 96069 1897 16 96475 1475 877 0 1 2 1 1 2 1 347 1335 16 699 17941 0 0 0 9848 1 440 0 105 30 129 79 0 8292 108 0 0 2 2 0 0 28 1 1 5 1 0 0 0 0 406 3 0 16 17 120 40542 35527 21897 257 0 0 1 2 1 2 1 351 1380 273 867 21864 1 0 0 10282 1 451 0 195 30 138 319 1 8356 4134 0 1 2 1 0 0 29 1 1 5 1 0 0 0 0 214 1 0 16 20 184 49444 29163 19359 56001 41050 808 0 107 0 0 0 0 0 0 72490 113 25363 53486 39470 4381 531 98 97966 0 0 0 0 45012 20682 28540 3340 392 97966 0 0 0 0
 2 88193 2073 12 88685 1571 841 0 0 0 0 0 0 2 334 1325 20 418 17112 0 0 1 8935 0 389 0 119 40 136 75 0 8237 122 0 0 0 1 0 0 27 1 0 7 0 0 0 0 1 543 5 0 16 17 111 38396 30841 21031 272 0 0 0 0 0 1 3 334 1347 233 425 20920 0 0 1 9378 0 393 0 232 40 141 341 0 8490 4142 0 1 0 3 0 1 29 1 0 5 0 0 0 0 0 287 5 0 16 21 195 47221 24490 18557 49731 39673 764 0 100 0 0 0 0 0 0 69361 140 20767 47662 37674 4320 520 92 90268 0 0 0 0 39158 19539 27799 3386 386 90268 0 0 0 0
 4 86998 1964 10 87530 1426 855 1 0 0 1 0 1 1 347 1262 19 478 16720 0 0 0 9360 0 360 0 96 54 122 94 0 7762 94 0 0 0 1 1 2 60 1 1 3 1 1 0 2 0 568 3 0 15 11 94 37956 30577 20433 255 0 0 0 0 0 1 0 354 1319 223 512 20547 0 1 0 9896 0 379 0 190 54 125 294 2 7840 4105 0 0 0 1 1 1 72 1 1 3 0 1 0 1 0 286 7 0 13 13 195 46623 24348 17995 49857 38230 779 0 100 0 0 0 0 0 0 68752 112 20102 46063 37990 4401 429 83 88966 0 0 0 0 37440 20127 27654 3350 395 88966 0 0 0 0
 2 92355 2086 9 92823 1611 1238 0 0 1 0 0 0 1 356 1368 23 467 17238 1 1 0 10584 0 394 1 121 51 143 110 0 7928 121 0 1 1 1 0 0 30 0 1 4 0 1 0 1 1 561 4 0 10 28 95 40463 32055 21925 288 0 0 0 0 0 0 1 366 1380 473 523 21034 0 1 0 11102 0 394 1 222 52 139 578 0 8071 4120 0 1 1 2 0 1 25 0 1 4 0 1 0 1 0 313 1 0 8 37 176 49249 26030 19164 53040 40140 1131 0 132 0 0 0 0 0 0 73002 118 21323 48815 40419 4488 555 166 94443 0 0 0 0 39047 23429 28139 3377 451 94443 0 0 0 0
 9 90594 1981 16 91075 1493 895 0 0 0 0 0 0 0 362 1352 26 441 17823 1 0 0 9612 2 348 0 111 89 112 92 0 7652 112 0 0 0 1 0 0 32 0 1 8 0 1 0 0 2 524 7 1 10 13 114 39336 30848 22400 328 0 0 0 0 1 1 0 361 1418 701 520 21850 0 0 0 10134 4 352 0 206 91 110 395 1 7818 4127 0 0 0 1 0 0 39 0 0 5 0 1 0 0 1 265 2 0 10 15 184 48954 24159 19471 50452 41220 798 0 114 0 0 0 0 0 0 70754 117 21713 48573 39783 3676 420 132 92584 0 0 0 0 39684 21022 27585 3927 366 92584 0 0 0 0
 2 91909 1918 8 92355 1466 1159 0 0 0 0 0 0 0 369 1473 18 666 18723 0 0 0 9409 0 380 0 134 64 113 82 0 7912 103 0 0 0 1 0 0 27 1 1 3 0 0 2 1 2 621 8 0 14 17 115 40926 31225 21678 254 0 0 0 0 0 0 0 373 1518 213 717 22677 1 0 0 9850 0 376 0 239 65 113 553 0 7939 4095 0 0 0 1 0 2 35 1 1 4 0 0 2 0 2 323 4 0 12 15 199 49526 25200 19103 50371 42263 1089 0 106 0 0 0 0 0 0 71456 115 22258 48598 40494 3993 595 149 93829 0 0 0 0 39458 21404 28449 4106 412 93829 0 0 0 0
 15 89678 2063 23 90143 1590 724 1 0 0 0 0 0 1 379 1558 18 472 18496 0 0 0 9043 0 359 0 80 102 145 78 1 7550 102 0 0 2 7 0 0 34 1 0 8 0 0 0 0 0 616 5 1 13 13 154 39441 31027 21288 219 1 0 0 0 0 0 1 371 1609 222 518 22335 1 0 0 9483 0 354 0 200 103 118 302 3 7644 4124 0 1 2 7 2 0 31 1 0 6 0 0 0 0 0 312 1 0 14 18 293 48166 24531 19059 48941 42069 656 0 90 0 0 0 0 0 0 70700 127 20929 48686 38828 3664 446 132 91756 0 0 0 0 39803 20784 26751 3997 421 91756 0 0 0 0
 5 89473 6517 14 94271 1710 810 0 0 0 1 1 0 0 370 1403 17 474 18354 0 0 1 9270 1 340 0 108 94 144 99 1 7656 94 0 0 0 123 0 0 26 1 1 6 0 0 0 0 0 532 5 1 18 19 87 39674 35228 21093 282 0 1 0 0 1 0 0 379 1426 217 538 22275 0 1 1 9593 0 344 0 220 94 142 308 1 7642 4117 0 0 0 124 1 1 24 2 1 4 0 0 0 0 0 282 5 1 18 22 186 48234 28922 18839 53461 41688 726 0 120 0 0 0 0 0 0 69926 109 25960 52930 38904 3582 466 113 95995 0 0 0 0 43948 20727 26955 3976 389 95995 0 0 0 0
 2 88727 1931 14 89191 1455 733 0 0 1 0 0 0 0 341 1300 23 415 17900 2 1 0 9446 0 369 0 112 130 118 115 0 7531 113 0 0 0 79 1 0 26 0 1 3 0 0 0 0 1 548 10 2 9 17 71 39039 30206 21415 236 0 0 0 0 0 16 0 348 1356 201 467 21672 0 1 1 10041 0 377 0 208 131 114 359 0 7584 4095 0 0 0 79 0 2 28 1 1 3 0 0 0 0 0 279 7 1 10 21 145 47812 23679 19169 48949 40943 642 0 126 0 0 0 0 0 0 69573 121 20966 47939 38358 3759 466 138 90660 0 0 0 0 39204 20677 26354 4005 420 90660 0 0 0 0
 4 84117 2189 15 84515 1780 777 0 0 0 1 0 0 0 330 1202 20 426 17090 0 2 0 8660 0 350 0 100 170 136 85 0 7299 97 0 0 1 123 0 0 19 1 1 5 0 0 2 0 1 315 5 3 9 24 82 37145 28494 20671 308 0 0 0 1 0 32 0 343 1242 235 487 20895 0 0 1 9162 0 359 0 190 171 147 296 0 7332 4093 0 0 1 123 0 0 20 1 1 6 0 0 0 0 0 157 3 2 10 20 152 45889 22331 18090 46166 39336 679 0 129 0 0 0 0 0 0 66407 102 19801 46752 34670 4258 496 134 86310 0 0 0 0 38393 18642 25545 3301 429 86310 0 0 0 0
 2 85498 2001 12 85957 1532 782 0 0 0 0 0 0 0 344 1151 18 604 17447 1 0 0 8838 0 395 0 110 100 124 78 0 7594 86 0 0 0 79 0 0 23 0 0 6 1 0 1 0 1 49 7 1 14 16 79 38038 28291 21172 243 0 0 0 0 1 14 0 352 1198 248 679 21449 2 0 0 9307 0 401 2 202 100 124 264 0 7590 4098 0 0 0 78 0 0 23 0 0 3 0 0 1 0 1 24 3 0 14 23 151 46813 22172 18516 46951 39734 719 0 97 0 0 0 0 0 0 66947 118 20436 47169 35639 4044 528 121 87501 0 0 0 0 38458 19340 25857 3422 424 87501 0 0 0 0
 2 83515 2285 15 84027 1760 1129 0 0 0 0 0 0 1 318 1226 19 436 16348 0 0 2 8973 0 359 0 116 56 122 93 0 7511 88 0 0 2 122 0 0 36 0 1 6 0 1 0 0 0 61 3 2 9 19 80 37203 27941 20658 270 0 0 0 0 1 30 0 323 1264 231 476 20216 0 0 2 9381 0 363 0 219 57 129 360 0 7557 4123 0 0 2 123 3 0 37 0 0 4 0 0 0 0 0 31 2 0 7 16 161 45614 22225 17963 46691 37948 1064 0 99 0 0 0 0 0 0 66186 122 19494 45223 35862 4152 467 98 85802 0 0 0 0 36848 19402 25728 3477 347 85802 0 0 0 0
 3 89745 2615 15 90651 1697 1257 0 0 1 0 0 0 0 341 1159 23 407 18243 0 0 0 9140 0 344 0 104 16 141 90 1 8431 94 0 0 1 79 0 0 45 1 0 3 1 2 2 1 1 50 6 1 10 16 92 40202 29532 22629 299 0 1 1 0 1 22 0 342 1205 620 448 22086 0 0 2 9754 0 355 0 198 22 137 528 1 8427 4118 0 1 1 79 0 0 43 1 0 1 1 1 1 1 0 29 5 0 11 15 176 49146 23589 19628 49386 41691 1178 0 108 0 0 0 0 0 0 70195 100 22068 50361 36951 4275 662 114 92363 0 0 0 0 40587 19833 28113 3437 393 92363 0 0 0 0
 3 92636 1946 11 93063 1511 821 0 0 0 0 0 1 8 328 1182 18 354 16701 0 0 3 9148 0 405 0 141 7 140 103 0 8247 125 0 1 1 122 0 0 43 0 0 665 0 1 3 2 1 46 10 0 8 41 56 38188 35440 20957 287 0 0 0 0 0 24 4 333 1217 226 420 20614 0 0 3 9688 0 412 1 228 9 135 410 0 8291 4118 0 0 1 123 0 0 48 0 0 5724 0 0 3 2 0 23 7 0 8 34 131 47107 29136 18342 54866 38880 733 0 106 0 0 0 0 0 0 73902 131 20552 52128 38068 3898 391 100 94585 0 0 0 0 42712 20520 27749 3241 363 94585 0 0 0 0
 15 86723 1891 22 87175 1432 798 0 0 0 0 0 0 0 314 1104 19 403 16531 1 1 0 8902 2 343 0 112 6 101 89 0 8229 120 0 0 0 86 0 1 17 0 0 929 1 1 0 2 0 65 10 0 8 15 81 37448 30345 20836 279 0 0 0 0 0 22 0 318 1147 210 476 20568 1 2 1 9443 3 347 2 192 5 105 400 1 8149 4141 0 0 0 86 1 0 17 0 0 929 1 1 0 1 0 39 5 0 10 15 164 46406 23950 18273 49357 38440 704 0 128 0 0 0 0 0 0 67950 126 20553 47214 37509 3334 475 97 88629 0 0 0 0 37947 19865 27490 2928 399 88629 0 0 0 0
 2 86833 1838 7 87304 1362 841 0 0 0 0 0 0 0 324 1169 20 608 16792 0 0 0 8617 0 423 0 111 6 95 77 0 8137 105 0 0 0 118 0 0 23 1 0 579 0 0 2 1 0 64 2 0 17 17 89 37718 30133 20822 296 0 0 0 1 0 36 0 332 1221 275 679 20712 0 0 0 9111 3 430 1 206 3 124 359 1 8126 4116 0 0 0 120 0 0 26 1 0 580 0 0 2 1 0 50 1 1 15 27 155 46687 23867 18119 48961 38838 761 0 113 0 0 0 0 0 0 68201 110 20362 47227 37541 3340 460 105 88673 0 0 0 0 38017 20528 26944 2782 402 88673 0 0 0 0
